# n=11
# target=22
# R=4000
# T=30.0
# seed=11543746764037285581
# timestamp=2026-02-02T13:49:17Z
#
# Grid (0/1):
1 0 0 0 1 0 0 0 0 0 0
0 0 0 0 0 0 1 0 1 0 0
0 0 0 1 1 0 0 0 0 0 0
0 1 0 0 0 0 0 0 0 1 0
0 1 0 1 0 0 0 0 0 0 0
0 0 0 0 0 0 1 0 1 0 0
1 0 0 0 0 0 0 0 0 0 1
0 0 1 0 0 0 0 0 0 0 1
0 0 0 0 0 1 0 1 0 0 0
0 0 0 0 0 0 0 1 0 1 0
0 0 1 0 0 1 0 0 0 0 0
#
# Coordinates (row, col):
(1, 1)
(1, 5)
(2, 7)
(2, 9)
(3, 4)
(3, 5)
(4, 2)
(4, 10)
(5, 2)
(5, 4)
(6, 7)
(6, 9)
(7, 1)
(7, 11)
(8, 3)
(8, 11)
(9, 6)
(9, 8)
(10, 8)
(10, 10)
(11, 3)
(11, 6)
