# n=10
# target=20
# trajectory_id=202
# R=0
# T=10.0
# seed=13173030586919666174
# α=17.226634984077066, β=1.0, γ=3.8068052895323667
# method=ROCm AMDGPU Hybrid CPU-GPU with Local Repair (v2)
# col_normalization=mean-incidence
# timestamp=2026-02-13T19:43:53Z
#
# Grid (0/1):
1 0 0 0 0 0 0 0 0 1
0 0 0 0 1 0 1 0 0 0
0 0 0 0 0 1 1 0 0 0
0 1 1 0 0 0 0 0 0 0
0 0 1 0 0 0 0 0 1 0
0 1 0 0 0 0 0 1 0 0
0 0 0 0 0 0 0 1 1 0
0 0 0 1 1 0 0 0 0 0
0 0 0 1 0 1 0 0 0 0
1 0 0 0 0 0 0 0 0 1
#
# Coordinates (row, col):
(1, 1)
(1, 10)
(2, 5)
(2, 7)
(3, 6)
(3, 7)
(4, 2)
(4, 3)
(5, 3)
(5, 9)
(6, 2)
(6, 8)
(7, 8)
(7, 9)
(8, 4)
(8, 5)
(9, 4)
(9, 6)
(10, 1)
(10, 10)
