# n=10
# target=20
# trajectory_id=109
# R=5120
# T=15.0
# seed=221144935657157939
# α=16.666666, β=1.0, γ=5.0
# method=ROCm AMDGPU Line-Based Custom RK4 Kernel (v1)
# col_normalization=mean-incidence
# timestamp=2026-02-12T17:47:25Z
#
# Grid (0/1):
0 0 0 0 0 1 0 0 1 0
0 0 1 0 1 0 0 0 0 0
0 0 0 0 0 0 1 0 1 0
0 1 0 0 0 0 0 1 0 0
1 0 1 0 0 0 0 0 0 0
0 0 0 0 1 0 0 1 0 0
1 1 0 0 0 0 0 0 0 0
0 0 0 0 0 0 1 0 0 1
0 0 0 1 0 1 0 0 0 0
0 0 0 1 0 0 0 0 0 1
#
# Coordinates (row, col):
(1, 6)
(1, 9)
(2, 3)
(2, 5)
(3, 7)
(3, 9)
(4, 2)
(4, 8)
(5, 1)
(5, 3)
(6, 5)
(6, 8)
(7, 1)
(7, 2)
(8, 7)
(8, 10)
(9, 4)
(9, 6)
(10, 4)
(10, 10)
