# n=10
# target=20
# trajectory_id=177
# R=0
# T=10.0
# seed=3168186653956358121
# α=17.266494586370964, β=1.0, γ=4.958855429108842
# method=ROCm AMDGPU Hybrid CPU-GPU with Local Repair (v2)
# col_normalization=mean-incidence
# timestamp=2026-02-13T19:33:06Z
#
# Grid (0/1):
0 0 0 0 0 0 1 1 0 0
0 0 1 0 0 0 0 1 0 0
1 1 0 0 0 0 0 0 0 0
0 0 0 0 1 0 0 0 1 0
0 1 0 0 0 0 0 0 0 1
1 0 0 0 1 0 0 0 0 0
0 0 0 0 0 0 1 0 1 0
0 0 0 1 0 0 0 0 0 1
0 0 1 0 0 1 0 0 0 0
0 0 0 1 0 1 0 0 0 0
#
# Coordinates (row, col):
(1, 7)
(1, 8)
(2, 3)
(2, 8)
(3, 1)
(3, 2)
(4, 5)
(4, 9)
(5, 2)
(5, 10)
(6, 1)
(6, 5)
(7, 7)
(7, 9)
(8, 4)
(8, 10)
(9, 3)
(9, 6)
(10, 4)
(10, 6)
