# n=10
# target=20
# trajectory_id=352
# R=2000
# T=15.0
# seed=12732015521469971392
# α=16.666666666666668, β=1.0, γ=5.0
# method=CPU Tsit5 Line-Based Gradient Flow (v6)
# coeff_mode=normalized
# col_normalization=mean-incidence
# timestamp=2026-02-22T21:09:58Z
#
# Grid (0/1):
0 0 0 1 0 0 1 0 0 0
0 1 0 0 0 0 0 1 0 0
0 0 0 1 0 1 0 0 0 0
0 1 0 0 0 0 0 0 1 0
0 0 0 0 0 0 1 0 0 1
1 0 1 0 0 0 0 0 0 0
1 0 0 0 1 0 0 0 0 0
0 0 0 0 0 0 0 1 0 1
0 0 0 0 1 1 0 0 0 0
0 0 1 0 0 0 0 0 1 0
#
# Coordinates (row, col):
(1, 4)
(1, 7)
(2, 2)
(2, 8)
(3, 4)
(3, 6)
(4, 2)
(4, 9)
(5, 7)
(5, 10)
(6, 1)
(6, 3)
(7, 1)
(7, 5)
(8, 8)
(8, 10)
(9, 5)
(9, 6)
(10, 3)
(10, 9)
