# n=10
# target=20
# trajectory_id=154
# R=0
# T=10.0
# seed=2032952778303007033
# α=18.498148928228108, β=1.0, γ=5.658631450691219
# method=ROCm AMDGPU Hybrid CPU-GPU with Local Repair (v2)
# col_normalization=mean-incidence
# timestamp=2026-02-13T19:44:28Z
#
# Grid (0/1):
0 1 0 0 0 1 0 0 0 0
1 0 0 0 0 0 0 0 0 1
0 0 0 0 0 1 0 0 0 1
0 0 0 0 1 0 1 0 0 0
0 1 1 0 0 0 0 0 0 0
0 0 0 0 1 0 0 1 0 0
0 0 1 0 0 0 0 0 1 0
0 0 0 1 0 0 0 1 0 0
1 0 0 0 0 0 0 0 1 0
0 0 0 1 0 0 1 0 0 0
#
# Coordinates (row, col):
(1, 2)
(1, 6)
(2, 1)
(2, 10)
(3, 6)
(3, 10)
(4, 5)
(4, 7)
(5, 2)
(5, 3)
(6, 5)
(6, 8)
(7, 3)
(7, 9)
(8, 4)
(8, 8)
(9, 1)
(9, 9)
(10, 4)
(10, 7)
