# n=10
# target=20
# trajectory_id=30
# R=0
# T=10.0
# seed=5450737442604703018
# α=16.614973119169854, β=1.0, γ=4.9656138287890546
# method=ROCm AMDGPU Hybrid CPU-GPU with Local Repair (v2)
# col_normalization=mean-incidence
# timestamp=2026-02-13T19:38:29Z
#
# Grid (0/1):
0 0 0 1 0 1 0 0 0 0
0 0 0 1 0 0 1 0 0 0
0 0 0 0 0 1 0 0 1 0
1 1 0 0 0 0 0 0 0 0
0 0 0 0 1 0 0 0 1 0
0 1 0 0 0 0 0 0 0 1
0 0 1 0 0 0 0 1 0 0
0 0 0 0 1 0 1 0 0 0
0 0 0 0 0 0 0 1 0 1
1 0 1 0 0 0 0 0 0 0
#
# Coordinates (row, col):
(1, 4)
(1, 6)
(2, 4)
(2, 7)
(3, 6)
(3, 9)
(4, 1)
(4, 2)
(5, 5)
(5, 9)
(6, 2)
(6, 10)
(7, 3)
(7, 8)
(8, 5)
(8, 7)
(9, 8)
(9, 10)
(10, 1)
(10, 3)
